
ID	adj.P.Val	P.Value	t	B	logFC	RANGE_START	RANGE_END	RANGE_GB	SPOT_ID
ch.19.62825652F	0.257	8.24e-07	5.86	4.379	0.771	58133840	58133963	NC_000019.9	
cg23316191	0.257	1.52e-06	-5.66	3.936	-0.616	106041074	106041197	NC_000006.11	
cg02659854	0.257	2.28e-06	-5.54	3.638	-0.657	24824078	24824201	NC_000013.10	
cg26373518	0.257	2.74e-06	5.48	3.503	0.507	31518942	31519065	NC_000022.10	
cg10361005	0.257	3.41e-06	-5.41	3.341	-0.596	47619047	47619170	NC_000007.13	
cg20131581	0.257	3.75e-06	5.38	3.273	0.395	23787859	23787982	NC_000008.10	
cg14398243	0.257	3.81e-06	-5.38	3.26	-0.462	46385031	46385154	NC_000002.11	
cg00934037	0.312	5.30e-06	-5.27	3.017	-0.511	100889672	100889795	NC_000001.10	
cg26869615	0.339	9.26e-06	5.1	2.603	0.508	20044639	20044762	NC_000011.9	
cg00893538	0.339	1.04e-05	-5.06	2.516	-0.406	169455088	169455211	NC_000001.10	
cg20939662	0.339	1.17e-05	-5.02	2.429	-0.555	126777160	126777283	NC_000009.11	
cg05949800	0.339	1.31e-05	-4.99	2.344	-0.372	101292583	101292706	NC_000010.10	
cg09322555	0.339	1.33e-05	-4.98	2.334	-0.455	32826281	32826404	NC_000006.11	
cg17207736	0.339	1.36e-05	-4.97	2.316	-0.479	142237307	142237430	NC_000008.10	
cg26162564	0.339	1.38e-05	-4.97	2.307	-0.346	48629342	48629465	NC_000020.10	
cg05879810	0.339	1.43e-05	-4.96	2.279	-0.447	9102328	9102451	NC_000017.10	
cg17843665	0.339	1.44e-05	-4.96	2.275	-0.714	24351673	24351796	NC_000013.10	
cg10083258	0.339	1.58e-05	4.93	2.206	0.477	93362731	93362854	NC_000015.9	
cg19589060	0.339	1.61e-05	-4.92	2.193	-0.513	176326516	176326639	NC_000005.9	
cg15814150	0.339	1.63e-05	-4.92	2.183	-0.482	174438930	174439053	NC_000004.11	
cg16508480	0.339	1.90e-05	-4.87	2.068	-0.442	5139874	5139997	NC_000005.9	
cg07544045	0.339	2.03e-05	4.85	2.019	0.504	158592420	158592543	NC_000006.11	
cg03188064	0.339	2.10e-05	-4.84	1.992	-0.461	122096667	122096790	NC_000012.11	
cg20754844	0.339	2.17e-05	-4.83	1.968	-0.458	149462180	149462303	NC_000005.9	
cg25122752	0.339	2.39e-05	4.79	1.895	0.463	114713211	114713334	NC_000005.9	
cg05505961	0.339	2.42e-05	4.79	1.888	0.487	66375071	66375194	NC_000017.10	
cg16997314	0.339	2.58e-05	4.77	1.839	0.397	35835030	35835153	NC_000010.10	
cg05081167	0.339	2.61e-05	-4.77	1.832	-0.489	156967138	156967261	NC_000006.11	
cg17540450	0.339	2.77e-05	4.75	1.785	0.514	35167000	35167123	NC_000013.10	
cg12622800	0.339	2.85e-05	4.74	1.765	0.32	141057827	141057950	NC_000008.10	
cg06183267	0.339	2.91e-05	-4.73	1.749	-0.575	100759134	100759257	NC_000002.11	
cg18775149	0.339	2.95e-05	-4.73	1.739	-0.705	52288062	52288185	NC_000005.9	
cg16820973	0.339	3.06e-05	4.72	1.71	0.396	32711698	32711821	NC_000012.11	
cg04612488	0.339	3.07e-05	-4.71	1.708	-0.367	8113907	8114030	NC_000017.10	
cg12974599	0.339	3.07e-05	-4.71	1.708	-0.473	46770195	46770318	NC_000022.10	
cg06443678	0.339	3.09e-05	4.71	1.704	0.465	55785087	55785210	NC_000017.10	
cg11077392	0.339	3.17e-05	4.7	1.686	0.315	19719446	19719569	NC_000011.9	
cg08882341	0.339	3.23e-05	4.7	1.671	0.482	166470330	166470453	NC_000006.11	
cg04564000	0.339	3.30e-05	4.69	1.654	0.595	114343068	114343191	NC_000003.11	
cg21649580	0.339	3.32e-05	4.69	1.651	0.529	50682691	50682814	NC_000022.10	
cg26586942	0.339	3.32e-05	4.69	1.65	0.527	35553655	35553778	NC_000019.9	
cg19983775	0.339	3.36e-05	4.69	1.642	0.469	126104239	126104362	NC_000010.10	
cg25427871	0.339	3.42e-05	-4.68	1.629	-0.376	2920735	2920858	NC_000011.9	
cg07839208	0.339	3.63e-05	4.66	1.582	0.415	48596443	48596566	NC_000016.9	
cg26242064	0.339	3.65e-05	4.66	1.579	0.461	112127385	112127508	NC_000010.10	
cg14507014	0.339	4.04e-05	-4.63	1.503	-0.434	55512950	55513073	NC_000003.11	
cg07536328	0.339	4.19e-05	4.61	1.475	0.35	51592253	51592376	NC_000010.10	
cg11468953	0.339	4.21e-05	-4.61	1.471	-0.442	48034953	48035076	NC_000011.9	
cg22230229	0.339	4.28e-05	4.61	1.46	0.439	79372254	79372377	NC_000017.10	
cg04388901	0.339	4.29e-05	4.61	1.457	0.48	48056973	48057096	NC_000003.11	
cg17061192	0.339	4.35e-05	4.6	1.448	0.412	185926620	185926743	NC_000004.11	
cg22796248	0.339	4.39e-05	4.6	1.441	0.403	79159275	79159398	NC_000010.10	
cg27030541	0.339	4.42e-05	-4.6	1.435	-0.461	86568090	86568213	NC_000008.10	
cg25911968	0.339	4.49e-05	-4.59	1.424	-0.421	69085916	69086039	NC_000002.11	
cg00440980	0.339	4.50e-05	-4.59	1.422	-0.335	74639894	74640017	NC_000017.10	
cg03845745	0.339	4.56e-05	4.59	1.412	0.326	169929758	169929881	NC_000004.11	
cg18132787	0.339	4.72e-05	-4.58	1.386	-0.384	232862025	232862148	NC_000001.10	
cg22621169	0.339	4.77e-05	4.57	1.378	0.37	155394118	155394241	NC_000003.11	
cg13609089	0.339	4.82e-05	4.57	1.37	0.377	10610691	10610814	NC_000006.11	
cg25960038	0.339	4.95e-05	-4.56	1.35	-0.476	46667789	46667912	NC_000017.10	
cg05024901	0.339	4.98e-05	-4.56	1.345	-0.349	85924667	85924790	NC_000015.9	
cg18991240	0.339	5.18e-05	-4.55	1.316	-0.495	71298920	71299043	NC_000002.11	
cg11944359	0.339	5.23e-05	-4.54	1.309	-0.602	159653199	159653322	NC_000006.11	
cg01366580	0.339	5.25e-05	-4.54	1.305	-0.346	40118177	40118300	NC_000017.10	
cg18195352	0.339	5.31e-05	-4.54	1.297	-0.458	72199918	72200041	NC_000010.10	
cg07186199	0.339	5.44e-05	-4.53	1.279	-0.478	95243243	95243366	NC_000014.8	
cg21156320	0.339	5.47e-05	4.53	1.275	0.301	56112820	56112943	
